Osg10Sin	Osg12Sin	Osg03Sin	Osg11Sin	Osg10Pal	Osg12Pal	Osg03Pal	Osg11Pal	Osg10Mul	Osg12Mul	Osg03Mul	Osg11Mul
TRINITY_DN8690_c0_g1_i3	0.583107353728659	0.938313823296067	0.83508220257961	0.0271548960507447	-0.498913915616843	-0.498913915616843	-0.498913915616843	-0.498913915616843	-0.356173743500761	0.383924740150408	0.0831603057794866	-0.498913915616843
TRINITY_DN31641_c0_g1_i2	0.393252313053245	-0.437814197551828	-0.437814197551828	-0.437814197551828	0.958893323832148	0.870779671032448	0.762564600432199	0.079209474512753	-0.437814197551828	-0.437814197551828	-0.437814197551828	-0.437814197551828
TRINITY_DN2473_c0_g1_i31	-0.26448835102355	-0.26448835102355	-0.26448835102355	-0.26448835102355	0.418983541831677	0.612863275425712	-0.26448835102355	0.256562385877413	0.0769281734551719	-0.0767206039775256	-0.0293740306471932	0.0631990131524968
TRINITY_DN8238_c0_g1_i4	-0.26581886559542	0.14564639878014	-0.41897565365684	-0.41897565365684	0.363432911270533	0.875571580238675	0.433822239161931	0.961199658085184	-0.41897565365684	-0.41897565365684	-0.41897565365684	-0.41897565365684
TRINITY_DN2253_c0_g1_i5	0.260248207312631	0.00919344436075664	-0.507830227703824	0.479126734820577	-0.44294737611897	-0.507830227703824	-0.507830227703824	-0.357270551128443	0.831307157215762	0.651798958117404	0.00818491929984067	0.0838491892319131
TRINITY_DN5814_c0_g1_i19	1.22260026792066	1.40225057064879	-0.584342396657102	-0.584342396657102	-0.584342396657102	-0.584342396657102	-0.584342396657102	-0.584342396657102	0.596441994421597	0.455497867874689	-0.221451753991242	0.0507154330681121
TRINITY_DN20080_c0_g1_i20	-0.381241623278381	-0.381241623278381	-0.381241623278381	-0.381241623278381	0.140814125882583	-0.154733093469701	-0.381241623278381	-0.381241623278381	0.308504815215175	0.821019360283622	0.745731232979384	0.426113298779223
TRINITY_DN2067_c0_g1_i84	-0.239076621614139	-0.239076621614139	-0.239076621614139	-0.239076621614139	-0.239076621614139	-0.239076621614139	-0.239076621614139	0.39039657517281	0.731777032726345	0.350686865370839	0.0712634989980118	0.129412379030965
TRINITY_DN2598_c0_g1_i1	-0.963713987661783	-0.580241803506319	-0.730595159732277	-1.2829529950215	0.739373485369582	0.484713638334451	-0.189339944250013	-0.80869945275168	0.877988820230495	1.06743889202162	0.731083064665357	0.654945442302071
TRINITY_DN1603_c0_g1_i11	0.137999064782952	0.197021848287941	-0.285310172459435	0.00982507654138293	0.246757379829596	0.2427609921193	0.514606030529579	0.0775804702064252	-0.285310172459435	-0.285310172459435	-0.285310172459435	-0.285310172459435
TRINITY_DN1530_c0_g2_i12	-0.483599404858321	-0.483599404858321	-0.483599404858321	-0.483599404858321	0.297130631618055	0.638742002667798	0.244974197701044	0.296290634481726	0.719288428611822	-0.483599404858321	0.188146862004901	0.0334242672062595
TRINITY_DN3748_c0_g1_i2	0.724617409130105	0.257505590006617	1.07728902744858	1.46726537703734	-0.855528075293275	1.05059287770382	0.55589817043319	-0.855528075293275	-0.855528075293275	-0.855528075293275	-0.855528075293275	-0.855528075293275
TRINITY_DN442_c0_g1_i46	-0.561032562596259	0.890508270421574	-0.561032562596259	-0.561032562596259	-0.561032562596259	-0.561032562596259	-0.561032562596259	-0.561032562596259	0.827432534686895	1.18183598842818	0.529820867854855	0.497630276782301
TRINITY_DN1327_c0_g1_i10	-0.14605916853668	0.322784774437957	-0.14605916853668	-0.14605916853668	0.149076080464138	0.10126076644314	0.265367077189785	0.183925481221741	-0.14605916853668	-0.14605916853668	-0.14605916853668	-0.14605916853668
TRINITY_DN12742_c0_g1_i3	-0.465722641736805	-0.465722641736805	-0.465722641736805	-0.465722641736805	0.596399070170993	1.28102007404093	0.869417564577409	0.978944425105103	-0.465722641736805	-0.465722641736805	-0.465722641736805	-0.465722641736805
TRINITY_DN1258_c2_g1_i11	0.775531213278079	-0.421075830816738	-0.421075830816738	0.586837250826526	-0.421075830816738	-0.421075830816738	-0.421075830816738	-0.421075830816738	1.14257043866733	-0.274420608697273	0.530511963998016	-0.234575273172244
TRINITY_DN36018_c0_g1_i1	0.722486560351106	0.236077974013418	0.589672228288012	0.204303639914475	0.0135218611761544	-0.318756421880775	-0.0425575568485331	-0.129722597490758	-0.318756421880775	-0.318756421880775	-0.318756421880775	-0.318756421880775
TRINITY_DN207_c0_g1_i10	-0.450347985243686	-0.450347985243686	-0.450347985243686	-0.450347985243686	-0.450347985243686	0.123026541202259	-0.103249314621417	-0.450347985243686	1.46115186361742	1.12834925240502	-0.124961570583912	0.217771139442746
TRINITY_DN18296_c0_g1_i31	-0.258475659229195	-0.258475659229195	-0.258475659229195	-0.258475659229195	0.239264429379898	-0.258475659229195	0.127783481904151	-0.177136031777257	0.654557340722946	0.594322233589576	-0.132824557567675	-0.0135886001056609
TRINITY_DN969_c1_g1_i4	0.401990661088396	0.818810365709249	0.79659908661909	0.320367460019223	-0.292220946679495	-0.292220946679495	-0.292220946679495	-0.292220946679495	-0.292220946679495	-0.292220946679495	-0.292220946679495	-0.292220946679495
TRINITY_DN1443_c0_g2_i5	-0.27147837652256	0.379326662821085	0.0250598871675859	0.326559362437626	-0.45417067403875	-0.45417067403875	-0.45417067403875	-0.45417067403875	1.45156530362828	0.468027174357617	-0.45417067403875	-0.108206643695879
TRINITY_DN7012_c0_g1_i1	-1.28018398712994	-1.16833124324046	-0.758903712304195	-0.215761387277666	0.0457721095575274	0.327677151207602	-1.18020020205472	0.9915357430456	0.666402122428476	0.707325068686866	0.447000586243684	1.41766775083722
TRINITY_DN4833_c0_g2_i5	-0.797766304471467	-0.797766304471467	-0.797766304471467	-0.797766304471467	-0.797766304471467	-0.797766304471467	1.35701130730935	0.356039031607568	0.94208179822786	1.2476766662897	-0.320607093284826	1.20439611667915
TRINITY_DN220_c0_g1_i13	-0.660436556309978	0.0514988006689436	-0.125378961415135	0.469176181820491	-0.660436556309978	-0.660436556309978	-0.660436556309978	-0.660436556309978	0.749361671518442	1.08544613259228	0.591736856892049	0.480342099472818
TRINITY_DN18233_c0_g1_i4	-1.34533149408973	-1.34533149408973	-1.34533149408973	-1.34533149408973	-1.34533149408973	4.77483379299632	-1.34533149408973	-1.34533149408973	-1.34533149408973	4.85198350538409	2.48116614842715	-1.34533149408973
TRINITY_DN4660_c0_g1_i4	0.0969399328585756	-0.485134288537754	-0.485134288537754	0.192035650280491	-0.485134288537754	-0.485134288537754	-0.485134288537754	-0.485134288537754	0.978488168314139	0.598249299172329	-0.0747931839236665	1.11988586452466
TRINITY_DN21586_c0_g1_i4	0.220054196925461	0.0919493711777753	0.679200048494202	-0.0638754332196831	-0.241474362547416	-0.241474362547416	-0.241474362547416	-0.241474362547416	0.0653711377668663	0.0711908110109779	-0.117146227545215	0.0191535455792821
TRINITY_DN3553_c0_g1_i5	-0.281056704613336	-0.281056704613336	-0.281056704613336	-0.281056704613336	0.562123185643838	0.31826108908489	0.14869314618688	-0.0180222987795425	-0.281056704613336	0.686111902919291	-0.281056704613336	-0.0108267973753386
TRINITY_DN206_c0_g1_i22	-0.482347171742536	-0.482347171742536	-0.482347171742536	-0.482347171742536	0.600355417587713	0.657777052166534	0.653844214544608	-0.00311661053620021	-0.482347171742536	-0.0730920250576986	0.191209252247608	0.384758557760118
TRINITY_DN3360_c0_g1_i9	0.319063734765019	0.223740986502623	0.606435588390364	0.935242491663231	-0.515242968197889	-0.515242968197889	1.25198806882599	-0.245013060959891	-0.515242968197889	-0.515242968197889	-0.515242968197889	-0.515242968197889
TRINITY_DN1021_c0_g1_i11	0.183620916863181	0.445828800164549	-0.357398236270378	0.614926805286773	-0.357398236270378	-0.357398236270378	-0.357398236270378	-0.357398236270378	0.456536834210939	0.196453731910747	-0.170897678625884	0.0605217715415868
TRINITY_DN35103_c1_g1_i1	0.752987926077512	0.271059991319159	-0.21532178875101	0.442972450082106	-1.00275425326788	-1.00275425326788	-1.00275425326788	-1.00275425326788	1.06178374471407	1.05278849469441	-0.255152022992935	0.899898217928204
TRINITY_DN11766_c0_g1_i13	-0.328304444979383	0.268153694579602	0.50923518940002	0.134271443062821	-0.328304444979383	-0.328304444979383	-0.328304444979383	-0.328304444979383	0.172497608077774	-0.146883804699242	0.0906950204518825	0.613553074024057
TRINITY_DN7829_c0_g1_i3	0.615835319543485	1.42266195603332	4.56740533498575	3.2124893158414	0.491077306821174	0.844999052160908	3.86146477212204	-1.62241922389427	-3.34837845840345	-3.34837845840345	-3.34837845840345	-3.34837845840345
TRINITY_DN5121_c0_g1_i4	0.112023559173237	0.56809877061796	0.298368954422326	0.613800628924116	-0.256465441471867	-0.256465441471867	-0.256465441471867	-0.256465441471867	0.20296617716543	-0.256465441471867	-0.256465441471867	-0.256465441471867
TRINITY_DN8189_c2_g2_i4	-0.497360859594274	-0.497360859594274	-0.497360859594274	-0.497360859594274	0.135837826779729	-0.497360859594274	0.308344325244237	0.630272420131599	0.89605534087727	0.011574802270121	-0.34161162691633	0.846331209584745
TRINITY_DN224_c0_g1_i3	-0.320828617069367	-0.320828617069367	-0.320828617069367	-0.320828617069367	-0.320828617069367	-0.320828617069367	0.515095457185008	-0.320828617069367	0.887688642736176	0.599083471607941	0.0386925533582279	0.20524019459822
TRINITY_DN4876_c0_g1_i17	0.22746550707604	-0.363256262933801	-0.363256262933801	-0.363256262933801	-0.363256262933801	-0.363256262933801	-0.363256262933801	-0.264297782845632	0.972455647386661	0.453957661324526	0.245552979741723	0.544403564919488
TRINITY_DN55012_c0_g1_i4	-0.481673921378489	-0.481673921378489	-0.481673921378489	-0.481673921378489	-0.481673921378489	-0.250241512930524	-0.481673921378489	-0.481673921378489	0.788555985859508	1.07806260305449	1.54548013012524	0.209860243540711
TRINITY_DN1148_c0_g1_i41	-0.465394086635642	-0.465394086635642	-0.465394086635642	-0.465394086635642	0.138677237033219	-0.290348600524728	-0.465394086635642	-0.417157900982794	0.876591660592974	1.13630242984532	0.235933170777299	0.646972436436922
TRINITY_DN2180_c0_g1_i5	0.602275607968338	0.390336396563587	0.353791637219111	0.844603670496184	0.548512399967905	-0.579781001041913	0.37627565137049	-0.216890358376052	-0.579781001041913	-0.579781001041913	-0.579781001041913	-0.579781001041913
TRINITY_DN1948_c0_g1_i1	-0.851826068991753	-0.851826068991753	-0.851826068991753	-0.851826068991753	0.318739987800316	1.5034721643562	-0.0403550384619168	0.107944086219714	0.737937417993225	0.607080837859113	-0.586389172942654	0.758873993143012
TRINITY_DN7074_c0_g2_i6	-0.631731588089153	-0.631731588089153	-0.631731588089153	-0.631731588089153	0.243262050843814	0.57865727635625	-0.631731588089153	0.0977124187445102	-0.175451106578428	0.857297475761284	0.586739622654109	0.970440202664226
TRINITY_DN3332_c0_g1_i12	-0.121972555038706	-0.121972555038706	-0.121972555038706	-0.121972555038706	-0.0162944771441688	-0.121972555038706	-0.121972555038706	-0.121972555038706	0.128989018494513	0.040237481275601	0.524190102119188	0.176685760525809
TRINITY_DN10340_c0_g1_i8	-0.33849129404917	-0.33849129404917	-0.33849129404917	-0.33849129404917	-0.273608442464316	0.301203939350412	-0.33849129404917	-0.33849129404917	0.378719004970426	0.6744348803951	0.130352648925467	0.819845733117931
TRINITY_DN11739_c0_g1_i8	0.593297554277931	0.195617237068822	-0.0799595519373531	0.625367901113371	-0.201638108525606	-0.201638108525606	-0.201638108525606	-0.201638108525606	-0.0471845158457331	-0.201638108525606	-0.0773099735234038	-0.201638108525606
TRINITY_DN1639_c0_g1_i2	-0.601499629951426	-0.601499629951426	0.848457853676578	0.42069060968264	-0.601499629951426	-0.601499629951426	-0.601499629951426	-0.601499629951426	0.322980362407597	-0.0174992466656531	1.00872795959327	1.02564024101412
TRINITY_DN9958_c0_g1_i4	-0.2130982407419	-0.2130982407419	-0.2130982407419	-0.2130982407419	0.620399096117935	0.431219537595677	0.776767382124387	-0.123600089902797	-0.2130982407419	-0.2130982407419	-0.2130982407419	-0.2130982407419
TRINITY_DN6827_c0_g1_i1	-0.496311006765768	-0.496311006765768	-0.496311006765768	-0.496311006765768	0.979292737918832	-0.496311006765768	0.184463418726693	-0.306012215139173	0.862647819066561	0.2911214577511	0.548432814458629	-0.0783909989538027
TRINITY_DN1040_c0_g1_i6	-0.270128209741571	0.400712126139991	-0.270128209741571	-0.270128209741571	-0.270128209741571	-0.270128209741571	-0.270128209741571	-0.270128209741571	0.834879315019402	0.100594065406596	-0.0912542515717759	0.645966213196787
TRINITY_DN26968_c0_g1_i2	0.703498684657705	0.891640809276364	0.309431783052827	0.366073020375017	-0.633926979624983	1.02279819039626	0.510119389991724	-0.633926979624983	-0.633926979624983	-0.633926979624983	-0.633926979624983	-0.633926979624983
TRINITY_DN3145_c0_g1_i15	0.273406283241401	0.702908261916184	-0.25166030883681	-0.0766148227258964	-0.25166030883681	-0.25166030883681	-0.25166030883681	-0.25166030883681	0.323652021850627	0.205671316648203	-0.0300925202984009	-0.140628996448066
TRINITY_DN2027_c4_g1_i1	0.593303073940871	1.37376115820731	1.93520635654407	0.730418635737085	0.530103514091295	0.485322921328109	1.1122973944792	-1.31281945712321	-0.640268992337327	-1.29383915134096	-2.17296898378778	-1.34051646973866
TRINITY_DN33121_c1_g1_i6	-0.411289633239879	-0.411289633239879	-0.411289633239879	-0.411289633239879	0.944854176985396	0.312050487011292	-0.411289633239879	-0.135090768207638	0.924993754624553	-0.0596613041370971	0.0648327866402726	0.00446903328261866
TRINITY_DN179_c0_g1_i6	0.23156374579289	0.204044178707697	0.720160066039356	0.336674994387845	-0.283442170640839	-0.283442170640839	0.0715740935787108	0.136635945338535	-0.283442170640839	-0.283442170640839	-0.283442170640839	-0.283442170640839
TRINITY_DN34203_c0_g1_i2	-0.30129958262209	-0.30129958262209	-0.30129958262209	-0.30129958262209	0.365911329858781	0.434222594674448	-0.30129958262209	-0.30129958262209	0.374064730127056	0.109041521991998	-0.01087517875679	0.535432497837046
TRINITY_DN471_c0_g1_i34	-0.496498465970355	-0.496498465970355	-0.496498465970355	-0.496498465970355	-0.0839878947205499	1.02052520609423	0.113256496202089	0.571140250905009	-0.496498465970355	0.113256496202089	-0.111343569086011	0.859645344254921
TRINITY_DN7864_c0_g1_i10	-0.230312327975379	0.0470773708354853	-0.230312327975379	0.317630983314972	-0.230312327975379	-0.230312327975379	-0.230312327975379	-0.230312327975379	0.403816229549662	-0.0719753008082779	-0.00503739810580925	0.69036208306624
TRINITY_DN727_c0_g1_i3	-0.655928792071915	1.32043484366085	-0.655928792071915	-0.655928792071915	1.43119455157928	0.86562453847318	1.21117693743074	-0.236929326640649	-0.655928792071915	-0.655928792071915	-0.655928792071915	-0.655928792071915
TRINITY_DN14250_c0_g1_i16	0.280013156440307	0.656551766729259	0.993909902186228	0.519823677043082	-0.376254378353982	-0.376254378353982	-0.376254378353982	0.183482146079	-0.376254378353982	-0.376254378353982	-0.376254378353982	-0.376254378353982
TRINITY_DN29118_c0_g2_i3	0.356148140513712	0.153655276614969	0.904492049998715	0.833546305680459	-0.318312511046546	-0.318312511046546	-0.318312511046546	-0.318312511046546	-0.318312511046546	-0.0196541954820312	-0.318312511046546	-0.318312511046546
TRINITY_DN10383_c0_g1_i2	0.150496056020107	0.0556030092942791	-0.161007059448163	0.142335335039168	-0.161007059448163	-0.161007059448163	-0.128200914364921	-0.161007059448163	0.0393717385358637	0.174704850872299	0.0826620215187001	0.127056140877154
TRINITY_DN2151_c0_g2_i6	0.523320068715203	0.491880877913791	-0.182629388944864	0.739849192133434	0.488776637790061	-0.326954178550813	-0.180156903265343	-0.0267957466974792	-0.31469902664417	-0.404197177483273	-0.404197177483273	-0.404197177483273
TRINITY_DN3417_c0_g1_i2	0.626041964833015	1.2542603486934	-0.554742426245683	-0.554742426245683	-0.554742426245683	-0.554742426245683	-0.554742426245683	-0.554742426245683	0.430029186139742	0.746845220357503	-0.223610504028481	0.494888341478917
TRINITY_DN5395_c0_g1_i2	1.14047765624074	-0.694233559563985	0.586128930409793	-0.694233559563985	0.466041271844608	1.03477531077388	0.427444997024267	0.510533191090628	-0.694233559563985	-0.694233559563985	-0.694233559563985	-0.694233559563985
TRINITY_DN2529_c0_g1_i71	-0.108031893569329	-0.168638658273481	0.00814753610145741	0.229335955664801	-0.446028357084345	-0.446028357084345	-0.446028357084345	-0.446028357084345	0.488299421231025	0.629161957070875	0.112729073289417	0.593110036822613
TRINITY_DN23576_c0_g1_i2	0.276670238565612	0.700856747255044	0.481665118345369	0.473897073632434	-0.263357030691896	-0.263357030691896	-0.263357030691896	-0.263357030691896	-0.263357030691896	-0.089589962955189	-0.263357030691896	-0.263357030691896
TRINITY_DN2972_c0_g1_i131	-0.320170209613041	-0.320170209613041	-0.320170209613041	-0.320170209613041	-0.320170209613041	-0.320170209613041	-0.320170209613041	-0.320170209613041	0.883970507167185	1.42528227351866	0.0858221500627959	0.16628674615569
TRINITY_DN199900_c0_g1_i1	-0.739478766546107	-0.739478766546107	-0.739478766546107	-0.739478766546107	-0.739478766546107	0.933172862782278	0.264123470134089	-0.0257829517027477	1.08345528148226	0.973777135184867	0.290504099669607	0.178143935180176
TRINITY_DN48458_c0_g4_i3	1.14565970040751	-0.197837844521071	1.01248099051947	-1.39758870123691	1.69563340930212	1.67314408458752	1.24210653216267	0.416756633726312	-1.39758870123691	-1.39758870123691	-1.39758870123691	-1.39758870123691
TRINITY_DN12881_c0_g1_i22	-0.429214562502291	1.42070794265646	1.64456679213987	1.38945306313619	-1.45041372820812	1.07589674276077	1.53017685606448	-0.710603515885573	-1.00195322739183	-0.97042078708851	-1.11651299165469	-1.38168258402675
TRINITY_DN354_c0_g1_i17	3.25284277999096	-0.70905831905849	-0.70905831905849	1.10200162868159	2.02668046285386	-0.70905831905849	-0.70905831905849	-0.70905831905849	-0.70905831905849	-0.70905831905849	-0.70905831905849	-0.70905831905849
TRINITY_DN7312_c0_g1_i7	-0.413777720481088	-0.413777720481088	-0.413777720481088	-0.413777720481088	-0.413777720481088	1.32434156830149	-0.413777720481088	-0.413777720481088	0.479196094792246	0.890733321328865	-0.166457785501268	0.368630844446285
TRINITY_DN19700_c0_g1_i40	-0.420207661998107	-0.420207661998107	-0.307841138925544	-0.420207661998107	-0.420207661998107	0.505791756558116	0.297002637021489	-0.109867541385957	0.465757094755863	0.623836670707914	0.232393555598412	-0.0262423863378646
TRINITY_DN10587_c2_g1_i4	-0.348392683457639	-0.348392683457639	-0.348392683457639	-0.348392683457639	-0.348392683457639	-0.348392683457639	-0.348392683457639	1.03178262828439	0.459786400313831	0.224981842988305	0.269845972137815	0.452351940479138
TRINITY_DN3193_c8_g1_i1	1.19752854836859	1.01526300253988	1.45927385490242	0.673710759808462	0.524650300251842	0.670169671868333	1.20165693601334	-1.16792217320924	-0.742337592296698	-1.4080347886034	-1.42041742846679	-2.00354109117675
TRINITY_DN227_c0_g1_i33	-0.92628586972881	-0.92628586972881	-0.92628586972881	-0.92628586972881	0.660118605166253	1.37793309898755	-0.0623474193048383	1.39708419933246	-0.369488623136067	0.0628531376394232	-0.122232310761457	0.761222790991918
TRINITY_DN2058_c2_g1_i1	0.381756370476711	-0.60082657644588	0.746839079855091	-0.60082657644588	-0.60082657644588	-0.33418993393189	-0.60082657644588	-0.488460053373317	0.633674744116331	0.708349611032635	0.516203476564307	0.239133011043652
TRINITY_DN1301_c1_g1_i3	2.50608268136447	-0.663361341563339	-0.663361341563339	0.493035275034326	2.90625126608641	-0.663361341563339	-0.663361341563339	-0.598478489978485	-0.663361341563339	-0.663361341563339	-0.663361341563339	-0.663361341563339
TRINITY_DN9758_c0_g1_i3	-0.538439285815404	0.284494762212967	-0.0264653040336031	0.835069729702603	-0.538439285815404	-0.538439285815404	-0.538439285815404	-0.538439285815404	0.562538361909417	0.490836896555228	0.0055514338494459	0.540170548880962
TRINITY_DN1171_c0_g2_i3	0.239818002774928	0.499048332466952	0.444051054992536	0.310252556925077	-0.363303867065068	-0.363303867065068	0.967254532965734	-0.280601277734819	-0.363303867065068	-0.363303867065068	-0.363303867065068	-0.363303867065068
TRINITY_DN5467_c0_g1_i2	-0.442446249965434	-0.442446249965434	-0.442446249965434	-0.442446249965434	0.526197505999282	0.756047903673649	1.34749161901476	0.406351931278755	-0.442446249965434	-0.0148400771835348	-0.442446249965434	-0.366571382990307
TRINITY_DN179_c0_g3_i10	0.276956257497721	0.283615593611932	1.29496056720594	0.708113422139842	-0.320455730056929	-0.320455730056929	-0.320455730056929	-0.320455730056929	-0.320455730056929	-0.320455730056929	-0.320455730056929	-0.320455730056929
TRINITY_DN2001_c1_g1_i22	-0.342555260868825	-0.342555260868825	-0.342555260868825	-0.342555260868825	0.486888420497766	0.410193330538309	-0.161134620588683	0.358771996544116	-0.342555260868825	0.178495476032138	0.086123149079405	0.353438552241075
TRINITY_DN35650_c0_g1_i5	0.0170928794830648	-0.518960020757145	-0.518960020757145	0.287570268502421	-0.518960020757145	-0.518960020757145	-0.518960020757145	-0.31481930397692	0.546612290836477	0.766146230304109	0.410073457888712	0.882124280747861
TRINITY_DN15842_c0_g2_i2	-0.574878766255138	-0.574878766255138	-0.574878766255138	-0.574878766255138	-0.574878766255138	0.496883903044954	0.302472860194124	-0.574878766255138	0.655939075605945	1.39487036203352	1.01823593022948	-0.419129533577193
TRINITY_DN39017_c0_g1_i3	-0.135813458599476	-0.135813458599476	-0.135813458599476	-0.135813458599476	-0.135813458599476	-0.135813458599476	-0.135813458599476	-0.135813458599476	0.298214216064122	0.472049444231759	0.166359341141276	0.149884667358649
TRINITY_DN110_c1_g1_i10	-0.260054282886938	-0.260054282886938	-0.260054282886938	-0.260054282886938	-0.260054282886938	0.739224189195603	-0.260054282886938	0.0467912174273452	0.500379591783174	0.274007319534181	-0.17191268601792	0.171836065399243
TRINITY_DN3032_c0_g1_i1	-0.310911729965612	-0.310911729965612	-0.310911729965612	-0.310911729965612	0.136931914396474	0.606710971760671	0.51853195140098	0.0775533673175421	-0.222770133096594	0.204094186468118	0.0293656748006427	-0.106771013185386
TRINITY_DN2972_c0_g1_i120	-0.796979989370913	-0.796979989370913	-0.796979989370913	-0.796979989370913	-0.796979989370913	0.433223023995509	0.825950361549264	-0.796979989370913	2.31805325357533	0.197237658035081	0.511613879213363	0.495801759856933
TRINITY_DN2668_c0_g1_i39	-0.595620361313054	-0.28644417383454	1.0514638513159	-0.595620361313054	0.224864981673325	0.169914385049923	0.444921432549792	1.96900169112393	-0.595620361313054	-0.595620361313054	-0.595620361313054	-0.595620361313054
TRINITY_DN1041_c0_g1_i33	-0.989969602433731	-0.989969602433731	-0.989969602433731	-0.989969602433731	1.24667607891953	0.978674153530986	1.8103608704909	1.38937410488087	-0.989969602433731	-0.989969602433731	-0.989969602433731	1.50470200921382
TRINITY_DN18893_c0_g1_i14	-0.481384304957761	0.781650100876033	2.24979893661444	-0.481384304957761	-0.229210891755734	0.284150441405216	0.283301547564372	-0.481384304957761	-0.481384304957761	-0.481384304957761	-0.481384304957761	-0.481384304957761
TRINITY_DN10943_c0_g1_i4	-0.26066187756641	-0.26066187756641	-0.26066187756641	-0.26066187756641	0.666855368632066	0.372536808807594	0.329101609418567	0.716801233673056	-0.26066187756641	-0.26066187756641	-0.26066187756641	-0.26066187756641
TRINITY_DN3663_c0_g1_i9	0.0878141147961404	1.00918563448603	0.146428094337561	0.545903198463192	0.59373787072528	1.07572169676046	-0.103832443064253	-0.134319364595631	-0.805159700477193	-0.805159700477193	-0.805159700477193	-0.805159700477193
TRINITY_DN437_c0_g2_i13	-0.42685794668416	-0.42685794668416	-0.42685794668416	-0.42685794668416	0.463783297279284	0.245793682644225	-0.147089525090565	0.407448756278748	-0.42685794668416	0.614385035547721	0.18855835057871	0.361410136182677
TRINITY_DN47892_c0_g1_i1	0.28149067932847	0.591681150540466	0.53443898033777	0.421943208423004	-0.355423901027408	0.13617269338304	0.0319386398085872	-0.355423901027408	-0.355423901027408	-0.355423901027408	-0.220545846684297	-0.355423901027408
TRINITY_DN6137_c0_g1_i2	-0.537173514562504	-0.537173514562504	-0.537173514562504	-0.537173514562504	0.799681124562961	-0.0343337563065728	0.788788481609348	0.523565643295175	-0.299609796244829	-0.537173514562504	0.117262026282895	0.790513849613543
TRINITY_DN18315_c0_g1_i4	-0.284440446885583	-0.284440446885583	0.770060769296977	0.16551703674242	0.160226619956324	0.338489904034593	0.138868790356803	0.133479560926382	-0.284440446885583	-0.284440446885583	-0.284440446885583	-0.284440446885583
TRINITY_DN1368_c0_g1_i3	0.42280343436653	0.602777271004301	0.787892292042865	0.867652142775326	-0.371893624531703	-0.460035221400721	-0.460035221400721	-0.269736429774126	-0.460035221400721	-0.460035221400721	-0.460035221400721	0.260681021120411
TRINITY_DN16210_c0_g1_i3	0.0372116248752465	-0.901638712130817	1.51114281320766	0.789001866484876	-0.901638712130817	-0.901638712130817	-0.901638712130817	-0.901638712130817	1.1023232540216	0.874886439291095	-0.142909143672954	0.336536706446558
TRINITY_DN461_c0_g1_i181	-0.509005419217245	-0.509005419217245	-0.509005419217245	-0.509005419217245	0.345389258535856	-0.509005419217245	-0.509005419217245	-0.509005419217245	0.997901135363449	1.72457591297865	0.243743172189889	0.251428455452867
TRINITY_DN3439_c0_g1_i3	-0.0872172026216977	1.14471864640045	-0.480084118852498	-0.184948869851679	0.192567510475887	0.256304281850963	0.388602646469638	0.364703231226562	-0.480084118852498	-0.480084118852498	-0.378434042758063	-0.256043844634567
TRINITY_DN138614_c0_g1_i2	-0.735643564741971	-0.119285867745281	-0.735643564741971	-0.735643564741971	-0.735643564741971	-0.735643564741971	-0.735643564741971	-0.735643564741971	2.1865542836544	1.02009861460342	0.805375588391588	1.25676233428968
TRINITY_DN7864_c0_g1_i2	-0.203523945457083	-0.203523945457083	-0.203523945457083	-0.203523945457083	-0.203523945457083	-0.203523945457083	-0.203523945457083	-0.162280963225202	0.50134801899927	0.582235828969928	-0.000636111986939608	0.504000845442525
TRINITY_DN5840_c1_g1_i1	0.197951709229942	0.390852199236542	0.73583553035157	0.511682651150684	-0.299788379379152	-0.299788379379152	-0.119640518220723	0.0820487045268958	-0.299788379379152	-0.299788379379152	-0.299788379379152	-0.299788379379152
TRINITY_DN30485_c0_g1_i2	-0.380303530316206	-0.0298062832320728	-0.380303530316206	-0.380303530316206	-0.380303530316206	-0.380303530316206	-0.380303530316206	-0.380303530316206	0.717981265407217	0.849899483050216	0.227559372515029	0.896490874473054
TRINITY_DN7073_c0_g2_i6	-0.647055214037774	-1.02334559737483	0.461565889536002	-1.02334559737483	-0.628282797857248	-1.02334559737483	-1.02334559737483	-1.02334559737483	0.961426015010599	1.46671102708949	2.19945896367043	1.30290410346263
TRINITY_DN7303_c0_g1_i8	-0.470872409860954	0.478475754427609	-0.470872409860954	-0.470872409860954	-0.470872409860954	-0.470872409860954	-0.470872409860954	-0.470872409860954	0.861405873195975	1.27156503551531	0.197246714825478	0.487413491062304
TRINITY_DN1194_c0_g1_i2	1.48380413339714	0.632796945759363	0.798821277198002	0.736164129981748	-0.492192824219301	-0.314593894891567	-0.492192824219301	-0.492192824219301	-0.492192824219301	-0.492192824219301	-0.492192824219301	-0.383835646128882
TRINITY_DN670_c0_g1_i13	0.966524624496886	0.307348535533856	0.636607251725335	0.907146077417954	-0.545449357284915	-0.545449357284915	-0.545449357284915	-0.545449357284915	1.00051901182038	-0.545449357284915	-0.545449357284915	-0.545449357284915
TRINITY_DN770_c0_g1_i8	-0.406997953055713	-0.406997953055713	-0.406997953055713	-0.406997953055713	-0.406997953055713	-0.406997953055713	1.21311921197297	-0.249954242910133	0.736395465637475	0.217804812197235	0.157624099381268	0.36699837205546
TRINITY_DN4357_c0_g1_i3	0.363200476639511	-0.25127380619819	1.14269146946205	-0.25127380619819	-0.25127380619819	-0.25127380619819	-0.25127380619819	-0.25127380619819	0.181685601077916	-0.153663009571768	-0.0235327303590619	-0.00273897005951126
TRINITY_DN1110_c0_g1_i10	0.0674103392199521	0.433871799486551	0.569839542694271	0.426347949104738	-0.187183703813189	-0.187183703813189	-0.187183703813189	-0.187183703813189	-0.187183703813189	-0.187183703813189	-0.187183703813189	-0.187183703813189
TRINITY_DN6165_c0_g1_i3	-0.584564202431724	-0.584564202431724	-0.584564202431724	-0.584564202431724	1.08582295454211	-0.584564202431724	-0.584564202431724	-0.413357375013582	1.39765364388386	0.273018752952424	0.0680370151647954	1.09621022306074
TRINITY_DN2854_c0_g1_i6	0.362554653140999	-0.506921980824402	-0.506921980824402	0.513135671516851	0.375134090144224	0.523060885391312	0.926571659022478	0.341074925730548	-0.506921980824402	-0.506921980824402	-0.506921980824402	-0.506921980824402
TRINITY_DN1643_c0_g1_i1	0.264873287791098	0.241477720379073	0.269699973594277	0.0749882930339431	-0.312374247802052	-0.312374247802052	-0.312374247802052	-0.312374247802052	0.730270089606441	-0.312374247802052	0.107703868177321	-0.127141993571892
TRINITY_DN119_c0_g1_i3	0.919177943950841	1.14052691332004	1.16355204741008	-0.031425769469257	-0.82885385162157	-0.82885385162157	-0.82885385162157	-0.82885385162157	-0.634766799505268	0.25384873770868	1.33335618469274	-0.82885385162157
TRINITY_DN58_c0_g1_i74	-0.651450276512478	1.43227368988053	-0.651450276512478	-0.651450276512478	-0.651450276512478	-0.368121108460837	-0.651450276512478	-0.651450276512478	0.117475059051273	1.4837562229182	0.531877429532323	0.711440366153382
TRINITY_DN322_c0_g1_i13	0.27487763209612	0.127002424273747	0.00147154218988804	0.575148235364529	-0.206421309451445	-0.206421309451445	-0.206421309451445	-0.206421309451445	0.3919438958722	-0.131915873087815	-0.206421309451445	-0.206421309451445
TRINITY_DN12966_c0_g1_i9	0.446737159573394	0.00497242237583184	1.6818973769431	1.17860938555114	-0.414027043055434	-0.414027043055434	-0.414027043055434	-0.414027043055434	-0.414027043055434	-0.414027043055434	-0.414027043055434	-0.414027043055434
TRINITY_DN9800_c0_g1_i2	1.20648315926105	0.921674031893649	0.478494255371604	1.39894569844938	-0.776099787661537	-0.776099787661537	-0.776099787661537	-0.776099787661537	1.42710136865507	-0.776099787661537	-0.776099787661537	-0.776099787661537
TRINITY_DN3002_c0_g1_i4	1.85553414037092	0.262267416796395	1.70741828637494	1.30767065812069	0.318185523828178	-0.908939410621748	-0.908939410621748	0.00256043823936025	-0.908939410621748	-0.908939410621748	-0.908939410621748	-0.908939410621748
TRINITY_DN2972_c0_g1_i103	-0.182274401387574	-0.182274401387574	-0.182274401387574	-0.0513435315611253	-0.182274401387574	-0.182274401387574	-0.182274401387574	-0.182274401387574	0.61764180160144	0.168222845696559	0.00295785284258682	0.538441841133558
TRINITY_DN1487_c0_g1_i7	-0.429078467759741	0.292386032866278	0.783645305338674	0.139269319110519	-0.496717184635104	1.16594407083999	0.761500204900914	-0.230080542121114	-0.496717184635104	-0.496717184635104	-0.496717184635104	-0.496717184635104
TRINITY_DN4697_c0_g1_i4	-0.176485577051736	-0.176485577051736	-0.176485577051736	-0.176485577051736	-0.176485577051736	0.578829326993362	-0.176485577051736	-0.176485577051736	0.217479698608507	0.298599305897047	0.180784898627824	-0.0402941907645916
TRINITY_DN10279_c0_g1_i4	1.74579541266014	-1.4857905965376	3.20557606310352	-1.4857905965376	-1.4857905965376	-1.4857905965376	-1.4857905965376	-1.4857905965376	1.39430715318437	2.24918992689829	-1.4857905965376	1.80566561991689
TRINITY_DN4330_c0_g1_i24	0.832129035343356	0.270101374876593	-0.375139137768672	-0.375139137768672	-0.375139137768672	-0.375139137768672	-0.375139137768672	-0.375139137768672	0.235560924366092	-0.161014332415825	0.653430014428098	0.42062781001372
TRINITY_DN384_c0_g1_i14	-0.696654797907557	-0.783438564049623	-0.783438564049623	-0.783438564049623	-0.168964281211922	-0.783438564049623	0.924527890726353	-0.783438564049623	0.821581589012786	2.02164748264582	1.57692571249385	-0.561870775511214
TRINITY_DN113_c0_g1_i64	1.61024247500226	0.920427974206955	1.27325793954547	0.0426692276513485	-0.979521011982717	-0.979521011982717	1.15206847234542	0.878459983144855	-0.979521011982717	-0.979521011982717	-0.979521011982717	-0.979521011982717
TRINITY_DN2587_c0_g1_i18	-0.739566183418681	-0.680210905802259	-0.739566183418681	-0.739566183418681	0.731361074056446	0.78550040865953	0.582361911468682	-0.51552590920075	0.454520868697622	0.244476242678343	0.359392296669488	0.256822563028941
TRINITY_DN3734_c0_g1_i2	0.999338769752215	1.05885783363591	0.918006290972765	0.673383922252851	-0.691748671199679	1.19265388178401	-0.691748671199679	-0.691748671199679	-0.691748671199679	-0.691748671199679	-0.691748671199679	-0.691748671199679
TRINITY_DN220_c0_g1_i4	0.539150635847825	0.336526537920912	-0.636533634883172	0.405410195086995	0.112786089690908	0.651529565442144	0.48514492170508	0.652120228721997	-0.636533634883172	-0.636533634883172	-0.636533634883172	-0.636533634883172
TRINITY_DN2240_c0_g1_i26	0.541788070105621	0.412995015821465	-0.408307024068065	0.364000950890338	0.308025456219922	0.0416504595599383	0.3367151249692	0.0363600427738424	-0.408307024068065	-0.408307024068065	-0.408307024068065	-0.408307024068065
TRINITY_DN176_c0_g2_i8	0.240175313225554	1.61629094512074	1.8043986166507	1.12014245633901	0.179502406062162	0.264257808925179	1.65721549242384	-1.73620600559124	-0.760060479051001	-1.77285083243811	-1.42751288276574	-1.18535283890109
TRINITY_DN41_c0_g1_i3	0.244216490858654	0.933416677358155	0.877994017014613	-0.150816518803401	1.71467081109274	-0.517068782502965	-0.517068782502965	-0.517068782502965	-0.517068782502965	-0.517068782502965	-0.517068782502965	-0.517068782502965
TRINITY_DN16111_c0_g1_i2	-0.182336368046598	-0.182336368046598	-0.182336368046598	-0.182336368046598	0.174934107632962	0.0218043487336275	-0.182336368046598	-0.116074925777876	0.420785501793399	0.109267189983967	0.0686252054866211	0.232340412380288
TRINITY_DN2344_c0_g1_i1	-0.528735483554541	-0.528735483554541	-0.528735483554541	-0.528735483554541	0.453117169735199	0.0280617630382016	0.0677226560044442	0.751627006419237	-0.528735483554541	0.471985683689113	0.463307792617115	0.407855346269397
TRINITY_DN794_c0_g1_i7	-0.646729015686692	-0.646729015686692	-0.646729015686692	-0.646729015686692	1.37403984940788	1.77711803891174	0.358311601013838	0.197254828361635	-0.646729015686692	0.577928718434046	-0.40427894200899	-0.646729015686692
TRINITY_DN6999_c1_g1_i8	-0.888560812055615	-0.888560812055615	-0.888560812055615	-0.888560812055615	1.01370575702746	0.586524070893167	0.200937338783487	0.233117744532637	0.655429907609234	0.041230185662982	0.221802431304803	0.601495812408696
TRINITY_DN1482_c0_g1_i115	0.617635115839937	0.865562629283522	0.297908704250282	-0.471863034999166	-0.471863034999166	-0.471863034999166	-0.471863034999166	-0.471863034999166	0.322240863560582	0.0380861113051451	-0.163851720446988	0.381733471203347
TRINITY_DN999_c1_g1_i3	0.123467024076083	-0.115319835511034	-0.115319835511034	-0.115319835511034	-0.115319835511034	-0.115319835511034	-0.115319835511034	-0.115319835511034	0.43558082913649	0.049466442632306	0.0037042676312409	0.195020285101117
TRINITY_DN2477_c0_g1_i188	-0.394128163847063	-0.394128163847063	0.927222737577554	-0.394128163847063	-0.394128163847063	-0.394128163847063	-0.394128163847063	-0.394128163847063	0.547729355156377	0.973242901801467	0.371406582515914	-0.0607044301218711
TRINITY_DN2701_c0_g1_i1	0.372834167903079	1.16532247725145	1.46953493431983	1.00829338564852	0.30898513984194	-0.364506590753836	0.810828003277439	-1.16752961939548	-0.317442969367143	-0.898778327911508	-1.24917369335011	-1.13836690746418
TRINITY_DN1323_c0_g1_i3	1.67777407271184	1.21232871030686	-1.04709444197456	-1.04709444197456	0.182493480766093	1.59537609534126	1.24214984318208	0.372444449539225	-1.04709444197456	-1.04709444197456	-1.04709444197456	-1.04709444197456
TRINITY_DN30015_c0_g2_i4	-0.144013299757293	-0.144013299757293	-0.144013299757293	-0.144013299757293	-0.144013299757293	-0.144013299757293	-0.144013299757293	0.209874536527614	0.22223896394227	0.439987083528479	0.0947735598298231	0.0412189544728674
TRINITY_DN7251_c1_g1_i4	-0.221443361495188	-0.221443361495188	-0.221443361495188	-0.221443361495188	-0.221443361495188	-0.221443361495188	-0.221443361495188	-0.221443361495188	0.968855430131406	0.210446986790992	0.117694023424397	0.474550451614712
TRINITY_DN2242_c0_g2_i5	0.643489007528663	-0.303616044039212	-0.303616044039212	-0.303616044039212	-0.303616044039212	-0.303616044039212	-0.303616044039212	-0.303616044039212	0.557148158589616	0.547583294554082	0.321186721213736	0.0559051263883838
TRINITY_DN2180_c0_g1_i7	-0.331929917494588	-0.331929917494588	-0.331929917494588	-0.331929917494588	-0.331929917494588	0.305912142829517	-0.331929917494588	0.200137634794442	1.0191329814458	-0.154330988166855	0.448800118981788	0.171927615082841
TRINITY_DN1003_c0_g1_i62	0.187379411107201	0.46614888815967	-0.357600472148603	-0.357600472148603	-0.357600472148603	-0.357600472148603	-0.357600472148603	-0.357600472148603	0.200177199246323	0.249315469676603	0.556198492802094	0.486383371899724
TRINITY_DN1141_c0_g1_i7	0.963215292901103	0.702307971921321	1.24203918789879	0.888262104583007	0.147320530645655	0.238745612826562	1.34456914214067	-0.563343192208072	-0.859252123277832	-1.33156345065782	-1.50770344998438	-1.26459762678901
TRINITY_DN19142_c0_g3_i1	1.57075178402871	1.46987407466274	1.66398901531808	0.81368948995602	-1.03010267787471	1.79279885010158	-0.316792080659753	-0.739878429448994	-1.38511894209426	-1.38511894209426	-1.38511894209426	-1.0689731998009
TRINITY_DN2180_c0_g1_i11	-0.340261584061533	-0.340261584061533	-0.340261584061533	-0.340261584061533	-0.340261584061533	0.450510453800467	-0.340261584061533	-0.340261584061533	0.383952102695826	0.545703172692438	0.0426822855074579	0.95898307373454
TRINITY_DN7521_c1_g2_i2	-0.242371930031942	-0.242371930031942	-0.242371930031942	-0.242371930031942	0.34162845325383	0.245114419316594	0.547565938948252	0.0726145554365731	0.489680143268347	-0.242371930031942	-0.242371930031942	-0.242371930031942
TRINITY_DN8392_c0_g1_i2	-0.177667566034333	-0.177667566034333	-0.177667566034333	-0.177667566034333	-0.177667566034333	-0.177667566034333	-0.177667566034333	-0.177667566034333	0.0598961522833426	0.503106859458128	0.124505233706419	0.733832282826775
TRINITY_DN530_c0_g1_i3	-0.406623078999997	-0.406623078999997	-0.406623078999997	0.332360875700515	-0.406623078999997	-0.356992311275396	-0.406623078999997	-0.406623078999997	1.06794275553848	0.176414544796667	1.05909024059597	0.16092236864375
TRINITY_DN4402_c4_g1_i3	-0.15100678348528	-0.15100678348528	-0.15100678348528	-0.15100678348528	-0.15100678348528	-0.15100678348528	-0.15100678348528	0.114430112563818	-0.0480127901619544	0.188130601434306	0.469110381543404	0.333389179017386
TRINITY_DN4965_c0_g1_i3	0.0917093430613302	0.913190494427539	1.67789810398457	0.373331902856064	0.159116263896196	-0.557216216391791	-0.557216216391791	0.128051190125051	-0.557216216391791	-0.557216216391791	-0.557216216391791	-0.557216216391791
TRINITY_DN4060_c0_g1_i1	0.00406903580914977	0.513498905362948	0.158508789754043	0.215047962306019	-0.164572999749689	-0.164572999749689	-0.164572999749689	-0.164572999749689	-0.164572999749689	-0.164572999749689	-0.164572999749689	0.260886305015666
TRINITY_DN93_c0_g1_i15	0.876830551808504	1.38697779628059	0.358809772248545	0.0483418041427673	-0.815596646281204	-0.815596646281204	-0.815596646281204	-0.815596646281204	0.336911302083699	1.22669747992497	-0.156585475083054	-0.815596646281204
TRINITY_DN75528_c0_g1_i2	0.943946639965496	-0.0819876152022873	-0.424542360679607	0.171915778879378	-0.424542360679607	-0.424542360679607	-0.424542360679607	-0.424542360679607	0.456730700749641	-0.0819876152022873	0.222541851949346	0.491552062258751
TRINITY_DN1124_c0_g1_i61	-0.57865099807886	-0.7108987963773	-0.7108987963773	-0.7108987963773	1.06309752873387	0.419373158141559	0.13709811017765	1.25626981115533	0.561124392683749	-0.7108987963773	-0.7108987963773	0.696181979073201
TRINITY_DN6273_c0_g1_i2	-0.56440263153351	-0.56440263153351	-0.56440263153351	-0.56440263153351	0.961666180134078	-0.56440263153351	-0.56440263153351	-0.56440263153351	1.4785918320849	1.09049112593981	0.55793877599261	-0.137869493416836
TRINITY_DN18604_c0_g1_i60	0.0688995698131623	0.52753124662742	0.869957253409557	0.612214373175827	-0.322868150142834	-0.322868150142834	-0.322868150142834	-0.322868150142834	-0.322868150142834	-0.0682741071096934	-0.322868150142834	-0.0731194350592656
TRINITY_DN36_c0_g1_i56	-0.244234314894069	-0.244234314894069	-0.244234314894069	-0.244234314894069	0.334945833233081	0.331078015793367	-0.244234314894069	-0.244234314894069	0.0742271502735135	0.724409441070647	-0.0653603567242739	0.0661058057180811
TRINITY_DN22929_c0_g1_i2	0.109746979714534	1.13801754546829	-0.490522773794471	-0.490522773794471	-0.490522773794471	-0.490522773794471	-0.490522773794471	-0.490522773794471	0.359076237356981	0.510919200379435	0.269059199439084	0.556317480408502
TRINITY_DN695_c0_g2_i3	-0.114428770640034	0.0478426582588434	0.125522022080719	1.29069918215501	-0.447852504365225	-0.137512383753075	0.537647925939659	0.489491887785007	-0.447852504365225	-0.447852504365225	-0.447852504365225	-0.447852504365225
TRINITY_DN3790_c0_g1_i1	0.216578933575769	0.69647595656273	0.397868670238664	0.405915951945195	-0.288295655822695	-0.288295655822695	-0.288295655822695	-0.288295655822695	-0.175929132750132	0.188863555363946	-0.288295655822695	-0.288295655822695
TRINITY_DN808_c0_g1_i33	-0.353606175452763	-0.353606175452763	-0.353606175452763	-0.353606175452763	-0.353606175452763	0.660749117524307	-0.353606175452763	-0.353606175452763	1.06916504386771	0.118361612208753	0.258982231245954	0.367985223322617
TRINITY_DN6797_c0_g1_i6	0.574683341353768	-0.443238566643494	-0.443238566643494	0.796159474923061	-0.443238566643494	-0.443238566643494	-0.443238566643494	-0.443238566643494	0.41195384131566	-0.0636176045877859	0.340846576091263	0.599405770765
TRINITY_DN1370_c0_g1_i13	0.257814941780112	0.134351254548988	0.072119052192127	1.46545727886327	0.81277723870154	-0.892094725754812	1.41911772888022	0.298836133807802	-0.892094725754812	-0.892094725754812	-0.892094725754812	-0.892094725754812
TRINITY_DN14933_c1_g1_i5	-0.513615484577486	-0.513615484577486	-0.513615484577486	-0.513615484577486	-0.513615484577486	1.10978319779978	-0.513615484577486	0.322308589676889	-0.183630834819065	0.268793080349887	0.881447314940092	0.682991559517332
TRINITY_DN9786_c0_g1_i3	0.267256823292141	-0.457829901338086	0.557239420379562	-0.457829901338086	-0.457829901338086	-0.457829901338086	-0.457829901338086	-0.457829901338086	0.616675535025544	0.458264521600272	0.322060138001961	0.525482969729035
TRINITY_DN1453_c0_g1_i8	-0.190622988282548	-0.190622988282548	-0.190622988282548	-0.190622988282548	-0.190622988282548	-0.190622988282548	-0.190622988282548	-0.190622988282548	0.214280133862583	0.995877569361947	0.133611573987983	0.181214629047872
TRINITY_DN3827_c0_g1_i16	0.00775875744878599	0.4379986633713	-0.23102810213833	-0.23102810213833	-0.23102810213833	-0.23102810213833	-0.23102810213833	-0.23102810213833	0.277907559726065	0.566399980013983	0.150808981767717	-0.0547053294978676
TRINITY_DN8775_c0_g1_i6	-0.278293509807047	-0.278293509807047	-0.278293509807047	-0.278293509807047	-0.278293509807047	0.523279059656551	-0.278293509807047	-0.0321894999231305	0.529061412250557	0.361401723592535	0.111273301955679	0.176935061310092
TRINITY_DN28078_c2_g1_i1	-0.298280172831316	-0.298280172831316	-0.298280172831316	-0.298280172831316	-0.298280172831316	0.586122380152371	-0.298280172831316	-0.298280172831316	0.380693135022854	0.1736876148302	1.0516512005288	-0.104193120715014
TRINITY_DN244_c0_g1_i23	-0.602392427184904	-0.602392427184904	-0.602392427184904	-0.602392427184904	-0.0673348322900618	0.712014080369915	-0.602392427184904	-0.294381112632727	0.689800346716987	0.499929764011782	0.550764360876516	0.921169528872109
TRINITY_DN2690_c0_g1_i10	-0.548923442776089	-0.548923442776089	-0.548923442776089	1.0940091265824	-0.548923442776089	-0.548923442776089	-0.548923442776089	-0.548923442776089	0.383893659965761	1.18356285025386	1.10138158614394	0.0796168764866712
TRINITY_DN1911_c0_g2_i6	-0.251638134298283	-0.251638134298283	-0.251638134298283	-0.251638134298283	-0.0437452826569501	0.225521076888358	0.683444389020379	0.127982827757425	-0.251638134298283	-0.053772742944545	0.0645076079950734	0.254252795431674
TRINITY_DN3925_c0_g1_i2	0.0367323108404257	-0.390873861941474	-0.390873861941474	0.472271681047925	-0.390873861941474	-0.390873861941474	-0.390873861941474	-0.390873861941474	0.0904250796060913	0.737419539068344	0.809504936042553	0.198889625043503
TRINITY_DN9128_c0_g1_i5	-0.31466458784038	-0.398728852628855	-0.398728852628855	-0.398728852628855	0.116277063804875	0.0374329866855952	-0.398728852628855	-0.0607323891138389	0.461240695592171	0.535598925686515	0.458057693659226	0.361705022041257
TRINITY_DN315_c0_g1_i8	1.2564871258364	0.669536072021789	1.20387249967298	0.507548890004117	-1.18844492310578	-1.18844492310578	-1.18844492310578	-1.18844492310578	0.980197112453056	0.792311596125233	0.532271319415348	-1.18844492310578
TRINITY_DN1217_c2_g1_i3	0.201520203349243	-0.380554018047087	-0.380554018047087	-0.125959975013946	-0.380554018047087	-0.380554018047087	-0.380554018047087	-0.380554018047087	0.973333818237821	0.668379627150836	0.318997614476003	0.247052820082563
TRINITY_DN2256_c0_g1_i12	-0.396262489125992	0.113686657178319	-0.396262489125992	1.10962844060397	-0.396262489125992	-0.396262489125992	-0.396262489125992	-0.396262489125992	0.589966391101407	0.716104033946571	-0.0412462249064423	-0.110564363167867
TRINITY_DN7455_c0_g1_i17	-0.0466253636764672	0.17682903418264	0.48703216948447	0.348757860915037	-0.265716421922664	0.360956330683329	0.267348499946974	-0.265716421922664	-0.265716421922664	-0.265716421922664	-0.265716421922664	-0.265716421922664
TRINITY_DN4761_c1_g1_i4	-0.224891168484651	-0.224891168484651	-0.224891168484651	-0.224891168484651	-0.224891168484651	-0.224891168484651	-0.224891168484651	-0.224891168484651	0.186535077241814	0.434120002713498	0.56421204901673	0.61426221890517
TRINITY_DN240_c0_g1_i16	-0.377718601777914	-0.377718601777914	0.614324674393743	0.220646603545731	0.279464058350509	0.388664539223384	0.791565059337816	-0.0283533241837005	-0.377718601777914	-0.377718601777914	-0.377718601777914	-0.377718601777914
TRINITY_DN2011_c0_g2_i19	-0.201655197008287	-0.201655197008287	-0.201655197008287	-0.201655197008287	-0.0317301955659743	-0.201655197008287	-0.201655197008287	-0.201655197008287	1.06857471022971	0.318389827031531	0.194504292064868	-0.138152254702129
TRINITY_DN1222_c1_g1_i19	-0.0377642288864422	0.119165977066412	-0.00523026473805005	0.0812132612757183	-0.226798053276459	0.451273851836178	0.75212972310494	-0.226798053276459	-0.226798053276459	-0.226798053276459	-0.226798053276459	-0.226798053276459
TRINITY_DN2342_c0_g1_i12	-0.360070584928604	-0.360070584928604	-0.360070584928604	-0.360070584928604	0.217176950664546	0.188859184547796	-0.190145583486292	0.83086027463401	-0.360070584928604	0.355383542187113	-0.360070584928604	0.758289141024453
TRINITY_DN6467_c0_g1_i14	0.352059539394486	0.46506221128451	0.776251225737504	0.205250948160841	0.298741564086021	-0.299623641237623	-0.299623641237623	-0.299623641237623	-0.299623641237623	-0.299623641237623	-0.299623641237623	-0.299623641237623
TRINITY_DN8475_c0_g2_i2	0.679697993418004	1.50706937924651	1.62034080915489	0.216846250966081	-0.502994304098186	-0.502994304098186	-0.502994304098186	-0.502994304098186	-0.502994304098186	-0.502994304098186	-0.502994304098186	-0.502994304098186
TRINITY_DN849_c0_g1_i35	0.169177872549828	-0.412896348846501	-0.412896348846501	-0.412896348846501	0.633943905356471	0.342418555198597	1.00772079013219	0.737013318688423	-0.412896348846501	-0.412896348846501	-0.412896348846501	-0.412896348846501
TRINITY_DN299_c0_g1_i24	0.991170748102508	0.91636378228488	0.1413514918923	1.27848413511864	1.85382512315511	-0.143745415073653	-0.62981969879729	0.908414416604639	-1.94988713870723	-0.594792179884667	-0.916127832751156	-1.85523743194408
TRINITY_DN99_c0_g1_i9	-0.476660905480587	0.306586191897529	0.678440652645115	-0.476660905480587	0.205912391866991	0.602631861792266	0.879482904744688	0.186911429936935	-0.476660905480587	-0.476660905480587	-0.476660905480587	-0.476660905480587
TRINITY_DN6767_c0_g1_i5	-0.647675525458665	-0.647675525458665	-0.647675525458665	-0.647675525458665	1.45800255243587	0.112758349211447	0.218639035918382	0.587438794917692	0.281357953187191	0.817515362467317	-0.237334420844578	-0.647675525458665
TRINITY_DN3782_c0_g1_i11	0.67809463862344	0.272374900738641	0.140638869128073	0.3507032614236	-0.210989459974709	-0.210989459974709	0.0351145499092077	-0.210989459974709	-0.210989459974709	-0.210989459974709	-0.210989459974709	-0.210989459974709
TRINITY_DN13668_c0_g2_i1	-0.499308594897053	-0.499308594897053	-0.499308594897053	-0.441338526259723	0.228394077940185	0.61305792817551	-0.499308594897053	-0.169323945138632	0.96064754475707	0.592898843200035	0.00556599450141132	0.207332462412356
TRINITY_DN3545_c0_g1_i84	-0.39201487461574	-0.39201487461574	-0.39201487461574	-0.39201487461574	-0.14469493963592	-0.242755509116117	-0.39201487461574	-0.39201487461574	1.61230673133435	0.828934129851039	-0.0828386871372258	0.381137522398312
TRINITY_DN7889_c0_g1_i8	0.0583153223413683	0.527562222456176	-0.369290850440531	-0.369290850440531	-0.369290850440531	-0.369290850440531	-0.369290850440531	-0.369290850440531	0.34264450653839	0.357540366591962	0.23478047322833	0.694902211486961
TRINITY_DN237_c0_g1_i282	0.0337961264797304	0.484630013825431	0.132860254008833	0.867182338427829	-0.257807431550834	-0.257807431550834	-0.257807431550834	0.286183288114016	-0.257807431550834	-0.257807431550834	-0.257807431550834	-0.257807431550834
TRINITY_DN9590_c0_g1_i8	-0.68229688537186	-0.68229688537186	-0.68229688537186	-0.68229688537186	-0.68229688537186	0.306115140352928	-0.68229688537186	0.491470182364846	0.848772607354094	0.116790420702143	1.13204844959136	1.19858451186579
TRINITY_DN10251_c0_g1_i26	0.0523593065560796	0.434982400714437	-0.160521259788305	0.0647536700812641	-0.160521259788305	-0.160521259788305	-0.160521259788305	-0.160521259788305	0.0819288138893962	0.127541940537011	0.0536035455645421	-0.0125633784012038
TRINITY_DN1512_c0_g1_i39	-0.392882316298751	1.12212360013498	-0.392882316298751	-0.392882316298751	-0.392882316298751	-0.392882316298751	-0.392882316298751	-0.392882316298751	0.689138953046751	0.612158300401779	0.574286291233877	-0.247530930726131
TRINITY_DN235_c0_g1_i18	-0.180737150118737	-0.180737150118737	-0.180737150118737	-0.180737150118737	0.355315750121472	-0.114475707850016	-0.180737150118737	-0.180737150118737	0.468188409334384	-0.0831263534923151	0.197774473134992	0.260746329463907
TRINITY_DN1500_c7_g1_i3	-1.59751455701793	-1.59751455701793	-1.59751455701793	-1.59751455701793	1.26245499120309	1.20922193463474	1.04264359794535	1.18740814454493	0.587717697212229	1.2256233622806	-0.458045061979135	0.333033562229923
TRINITY_DN17956_c1_g1_i3	-0.550027123068582	-0.550027123068582	-0.550027123068582	-0.550027123068582	0.207849536679314	-0.252542207358007	-0.550027123068582	0.200150582524475	0.574301011933619	0.85650954713659	0.763799173321816	0.400067971105104
TRINITY_DN550_c0_g1_i14	0.223557592062029	0.240020627774288	0.46210121618163	-0.0344081480614994	-0.162701549071317	0.24763955554277	-0.162701549071317	-0.162701549071317	-0.162701549071317	-0.162701549071317	-0.162701549071317	-0.162701549071317
TRINITY_DN630_c0_g1_i4	0.265262659937682	0.464352832453854	-0.0859760331659442	1.525753377118	-0.502815775078773	-0.502815775078773	-0.502815775078773	-0.502815775078773	0.961852491924671	-0.502815775078773	-0.502815775078773	-0.11435067779562
TRINITY_DN2992_c0_g1_i11	-0.0759041083959634	0.296801301654887	0.105733456886845	0.147985943938916	0.447035844414609	-0.044775776687853	0.203249962801107	0.420919973895152	-0.372313839917799	-0.430866022272912	-0.313794925523018	-0.384071810793971
TRINITY_DN3926_c1_g1_i9	0.540457439705357	-0.047326959305982	0.289354902271407	0.454051388911908	0.29354269923484	-0.493053662655966	0.569068049251831	0.366120793210469	-0.493053662655966	-0.493053662655966	-0.493053662655966	-0.493053662655966
TRINITY_DN776_c1_g1_i2	1.29684141608986	0.373105229559292	-0.312121394635293	-0.613123650668108	-0.613123650668108	-0.613123650668108	-0.613123650668108	-0.613123650668108	0.318937520675317	0.823571236884769	0.11283558384108	0.452448660925514
TRINITY_DN7889_c0_g1_i2	-0.273520117307747	-0.273520117307747	-0.0384057969313894	0.562403956946628	0.398226149555476	0.0994319806040825	0.515583100193635	0.103881313478047	-0.273520117307747	-0.273520117307747	-0.273520117307747	-0.273520117307747
TRINITY_DN150_c1_g3_i2	-0.373558804555514	0.408849760371859	0.484024150828634	-0.373558804555514	0.278124376076595	0.425528501518489	0.54329996014424	0.101526078393269	-0.373558804555514	-0.373558804555514	-0.373558804555514	-0.373558804555514
TRINITY_DN37849_c0_g1_i3	-0.315617313705996	-0.315617313705996	-0.315617313705996	-0.315617313705996	-0.315617313705996	-0.315617313705996	-0.315617313705996	-0.315617313705996	0.729825657055171	1.13908501445769	0.812015966019877	-0.155988127884769
TRINITY_DN20220_c0_g1_i1	1.65501545691317	0.834530650144877	0.570833219299498	1.31596118341906	-0.772858849879521	1.03367143938004	-0.772858849879521	-0.772858849879521	-0.772858849879521	-0.772858849879521	-0.772858849879521	-0.772858849879521
TRINITY_DN794_c0_g1_i6	0.32444147895332	0.339979048009513	0.00824519550255093	-0.326323080163582	0.0796692795122548	-0.0850930446481367	0.586709919788559	0.377663523699849	-0.326323080163582	-0.326323080163582	-0.326323080163582	-0.326323080163582
TRINITY_DN154_c0_g1_i8	-0.900983442087743	-0.900983442087743	-0.900983442087743	-0.900983442087743	0.886866892103557	1.28361424206802	-0.900983442087743	-0.900983442087743	1.31934651279181	1.25573675756407	-0.179392043312363	0.839728291311358
TRINITY_DN1245_c0_g1_i55	-0.25582841805448	-0.25582841805448	-0.25582841805448	-0.25582841805448	0.703941737156987	-0.25582841805448	-0.25582841805448	-0.25582841805448	0.0286857151897657	0.366164813611644	0.590564602797881	0.10144205762508
TRINITY_DN16209_c0_g1_i4	-0.299425219444177	0.643183116667487	0.74601775131699	-0.299425219444177	0.065707374008353	-0.0741502895746076	0.437828884880153	-0.0220355206333131	-0.299425219444177	-0.299425219444177	-0.299425219444177	-0.299425219444177
TRINITY_DN883_c0_g1_i1	0.566964546372889	1.08947659541163	1.53791253184205	0.637622876383056	-0.792161208264974	-0.923092078091423	2.49873712680388	-0.923092078091423	-0.923092078091423	-0.923092078091423	-0.923092078091423	-0.923092078091423
TRINITY_DN2447_c0_g1_i25	-1.03752114912877	2.08482025839735	0.96787883861382	-1.03752114912877	-1.03752114912877	2.59323377010648	-1.03752114912877	2.65423632591252	-1.03752114912877	-1.03752114912877	-1.03752114912877	-1.03752114912877
